67.691044
64.958396
65.766842
64.141912
64.090043
65.534658
71.112767
71.981100
69.059252
71.407403
71.939494
71.819504
72.167746
71.195797
72.026881
67.254032
65.028122
65.154070
64.594092
64.637726
64.269969
71.100306
70.947196
71.778219
72.317255
69.971758
72.096232
69.818459
69.789726
71.786415
72.176171
71.356017
71.656982
70.447553
71.400843
70.901681
70.528298
70.494178
71.271771
70.997107
69.663116
70.314188
69.711360
70.505352
69.802421
70.643594
71.709089
70.453783
71.935691
72.890718
