Init time, 0.050705
Iteration: 1, 0.069456, 0.120161
Iteration: 2, 0.097611, 0.219921
Iteration: 3, 0.063889, 0.285885
Iteration: 4, 0.071400, 0.367603
Iteration: 5, 0.087848, 0.457543
Iteration: 6, 0.067216, 0.527079
Iteration: 7, 0.081532, 0.610672
Iteration: 8, 0.072661, 0.685339
Iteration: 9, 0.065278, 0.752616
Iteration: 10, 0.064791, 0.819599
Iteration: 11, 0.064138, 0.885748
Iteration: 12, 0.064334, 0.952055
Iteration: 13, 0.064088, 1.018185
Iteration: 14, 0.064679, 1.084840
Iteration: 15, 0.064229, 1.151064
Iteration: 16, 0.061615, 1.214598
Iteration: 17, 0.082354, 1.298951
Iteration: 18, 0.073822, 1.374700
Iteration: 19, 0.082767, 1.464919
Iteration: 20, 0.093712, 1.561106
Iteration: 21, 0.070396, 1.633995
Iteration: 22, 0.067413, 1.703416
Iteration: 23, 0.091607, 1.796975
Iteration: 24, 0.080882, 1.880585
Iteration: 25, 0.069685, 1.954276
Iteration: 26, 0.076412, 2.032656
Iteration: 27, 0.072532, 2.107667
Iteration: 28, 0.087701, 2.198352
Iteration: 29, 0.129798, 2.336024
Iteration: 30, 0.150625, 2.494191
Iteration: 31, 0.136901, 2.634627
Iteration: 32, 0.145076, 2.787192
Iteration: 33, 0.075321, 2.865298
Iteration: 34, 0.077221, 2.944505
Iteration: 35, 0.079657, 3.027469
Iteration: 36, 0.065938, 3.095487
Iteration: 37, 0.064806, 3.162325
Iteration: 38, 0.066018, 3.230404
Iteration: 39, 0.065738, 3.298140
Iteration: 40, 0.065034, 3.365171
Iteration: 41, 0.062635, 3.429711
Iteration: 42, 0.095791, 3.527578
Iteration: 43, 0.077745, 3.608832
Iteration: 44, 0.075858, 3.686805
Iteration: 45, 0.067873, 3.758255
Iteration: 46, 0.065979, 3.826568
Iteration: 47, 0.065372, 3.893962
Iteration: 48, 0.142458, 4.038388
Iteration: 49, 0.068993, 4.111374
Iteration: 50, 0.061665, 4.175041
Iteration: 51, 0.066233, 4.243481
Iteration: 52, 0.065592, 4.311068
Iteration: 53, 0.064305, 4.377337
Iteration: 54, 0.080069, 4.459314
Iteration: 55, 0.087722, 4.550287
Iteration: 56, 0.080425, 4.633362
Iteration: 57, 0.064198, 4.699530
Iteration: 58, 0.061891, 4.763345
Iteration: 59, 0.064293, 4.829763
Iteration: 60, 0.065191, 4.896917
Iteration: 61, 0.064532, 4.963428
Iteration: 62, 0.063338, 5.028717
Iteration: 63, 0.066067, 5.096799
Iteration: 64, 0.066791, 5.165630
Iteration: 65, 0.069638, 5.237311
Iteration: 66, 0.088514, 5.328473
Iteration: 67, 0.076375, 5.407432
Iteration: 68, 0.063697, 5.473520
Iteration: 69, 0.065293, 5.541191
Iteration: 70, 0.065620, 5.609221
Iteration: 71, 0.077651, 5.688934
Iteration: 72, 0.066497, 5.757683
Iteration: 73, 0.067512, 5.827733
Iteration: 74, 0.068017, 5.897794
Iteration: 75, 0.067107, 5.967409
Iteration: 76, 0.061719, 6.031044
Iteration: 77, 0.064621, 6.097719
Iteration: 78, 0.064701, 6.164425
Iteration: 79, 0.063904, 6.230362
Iteration: 80, 0.064052, 6.296821
Iteration: 81, 0.065723, 6.374993
Iteration: 82, 0.066224, 6.443586
Iteration: 83, 0.064763, 6.510410
Iteration: 84, 0.065611, 6.578019
Iteration: 85, 0.066244, 6.646363
Iteration: 86, 0.062347, 6.710645
Iteration: 87, 0.065802, 6.778493
Iteration: 88, 0.065478, 6.845970
Iteration: 89, 0.067283, 6.915607
Iteration: 90, 0.071651, 6.989232
Iteration: 91, 0.069340, 7.060675
Iteration: 92, 0.065582, 7.128371
Iteration: 93, 0.065106, 7.195551
Iteration: 94, 0.064149, 7.261746
Iteration: 95, 0.064079, 7.327935
Iteration: 96, 0.062014, 7.391924
Iteration: 97, 0.066516, 7.460492
Iteration: 98, 0.066959, 7.529507
Iteration: 99, 0.066130, 7.597691
Iteration: 100, 0.064817, 7.664414
Iteration: 101, 0.064994, 7.731479
Iteration: 102, 0.066013, 7.799501
Iteration: 103, 0.065394, 7.866953
Iteration: 104, 0.065588, 7.934637
Iteration: 105, 0.065969, 8.002682
Iteration: 106, 0.065464, 8.070084
Iteration: 107, 0.074980, 8.147125
Iteration: 108, 0.068074, 8.217241
Iteration: 109, 0.064528, 8.283810
Iteration: 110, 0.062184, 8.347923
Iteration: 111, 0.064889, 8.414876
Iteration: 112, 0.064412, 8.481304
Iteration: 113, 0.063961, 8.547279
Iteration: 114, 0.065675, 8.614951
Iteration: 115, 0.066254, 8.683305
Iteration: 116, 0.065036, 8.750294
Iteration: 117, 0.065334, 8.817684
Iteration: 118, 0.065144, 8.884834
Iteration: 119, 0.069307, 8.956231
Iteration: 120, 0.075768, 9.034795
Iteration: 121, 0.073912, 9.111436
Iteration: 122, 0.074047, 9.187555
Iteration: 123, 0.069980, 9.259715
Iteration: 124, 0.079836, 9.341907
Iteration: 125, 0.080293, 9.424818
Iteration: 126, 0.062312, 9.489568
Iteration: 127, 0.065076, 9.557033
Iteration: 128, 0.064110, 9.623696
Iteration: 129, 0.063850, 9.689932
Iteration: 130, 0.061784, 9.753937
Iteration: 131, 0.064447, 9.820420
Iteration: 132, 0.068145, 9.891227
Iteration: 133, 0.066519, 9.960960
Iteration: 134, 0.065868, 10.028853
Iteration: 135, 0.063225, 10.093997
Iteration: 136, 0.065979, 10.162067
Iteration: 137, 0.065700, 10.229799
Iteration: 138, 0.063993, 10.295844
Iteration: 139, 0.063506, 10.361315
Iteration: 140, 0.075016, 10.438372
Iteration: 141, 0.080730, 10.522194
Iteration: 142, 0.080227, 10.605221
Iteration: 143, 0.076468, 10.684408
Iteration: 144, 0.075834, 10.762545
Iteration: 145, 0.074942, 10.840099
Iteration: 146, 0.071298, 10.914194
Iteration: 147, 0.074287, 10.990988
Iteration: 148, 0.063684, 11.056935
Iteration: 149, 0.066827, 11.126160
Iteration: 150, 0.086220, 11.214533
Iteration: 151, 0.067998, 11.284578
Iteration: 152, 0.071095, 11.357749
Iteration: 153, 0.078319, 11.438817
Iteration: 154, 0.064666, 11.505595
Iteration: 155, 0.066145, 11.573775
Iteration: 156, 0.067649, 11.643791
Iteration: 157, 0.066537, 11.712435
Iteration: 158, 0.068148, 11.782524
Iteration: 159, 0.067588, 11.852165
Iteration: 160, 0.065350, 11.919965
Iteration: 161, 0.066652, 11.988725
Iteration: 162, 0.069822, 12.060637
Iteration: 163, 0.066972, 12.129675
Iteration: 164, 0.064553, 12.196168
Iteration: 165, 0.065717, 12.263937
Iteration: 166, 0.067143, 12.333102
Iteration: 167, 0.066640, 12.401823
Iteration: 168, 0.063089, 12.468264
Iteration: 169, 0.065167, 12.536141
Iteration: 170, 0.065846, 12.604043
Iteration: 171, 0.065505, 12.671627
Iteration: 172, 0.064538, 12.738306
Iteration: 173, 0.064563, 12.806503
Iteration: 174, 0.070012, 12.879614
Iteration: 175, 0.072428, 12.954116
Iteration: 176, 0.064602, 13.020793
Iteration: 177, 0.062941, 13.085668
Iteration: 178, 0.064958, 13.152704
Iteration: 179, 0.065447, 13.220241
Iteration: 180, 0.065088, 13.287440
Iteration: 181, 0.064552, 13.354051
Iteration: 182, 0.062488, 13.419193
Iteration: 183, 0.067235, 13.488478
Iteration: 184, 0.066766, 13.557396
Iteration: 185, 0.064532, 13.624407
Iteration: 186, 0.063476, 13.690117
Iteration: 187, 0.066308, 13.758834
Iteration: 188, 0.066074, 13.827091
Iteration: 189, 0.064427, 13.893584
Iteration: 190, 0.065967, 13.961544
Iteration: 191, 0.076666, 14.040293
Iteration: 192, 0.075802, 14.118952
Iteration: 193, 0.064950, 14.185995
Iteration: 194, 0.064580, 14.252733
Iteration: 195, 0.064320, 14.319127
Iteration: 196, 0.064296, 14.385536
Iteration: 197, 0.062123, 14.449575
Iteration: 198, 0.065309, 14.516898
Iteration: 199, 0.064770, 14.583698
Iteration: 200, 0.073187, 14.658935
Iteration: 201, 0.090490, 14.752006
Iteration: 202, 0.083168, 14.837331
Iteration: 203, 0.087686, 14.927295
Iteration: 204, 0.084555, 15.014482
Iteration: 205, 0.086426, 15.104251
Iteration: 206, 0.092007, 15.198866
Iteration: 207, 0.074892, 15.277132
Iteration: 208, 0.066995, 15.346180
Iteration: 209, 0.063873, 15.411996
Iteration: 210, 0.065977, 15.480030
Iteration: 211, 0.065052, 15.547146
Iteration: 212, 0.064572, 15.613786
Iteration: 213, 0.062016, 15.677749
Iteration: 214, 0.064340, 15.744106
Iteration: 215, 0.064383, 15.810523
Iteration: 216, 0.066538, 15.879090
Iteration: 217, 0.067829, 15.948974
Iteration: 218, 0.068221, 16.019859
Iteration: 219, 0.086747, 16.108567
Iteration: 220, 0.128746, 16.249726
Iteration: 221, 0.065465, 16.317240
Iteration: 222, 0.064748, 16.383974
Iteration: 223, 0.064382, 16.450282
Iteration: 224, 0.064743, 16.517060
Iteration: 225, 0.087044, 16.607901
Iteration: 226, 0.121538, 16.732672
Iteration: 227, 0.082019, 16.817471
Iteration: 228, 0.067711, 16.887524
Iteration: 229, 0.062752, 16.952230
Iteration: 230, 0.065358, 17.019998
Iteration: 231, 0.064914, 17.086972
Iteration: 232, 0.071686, 17.160939
Iteration: 233, 0.066020, 17.229283
Iteration: 234, 0.077010, 17.308337
Iteration: 235, 0.076720, 17.387857
Iteration: 236, 0.076463, 17.466824
Iteration: 237, 0.073982, 17.543248
Iteration: 238, 0.093292, 17.638675
Iteration: 239, 0.077617, 17.718329
Iteration: 240, 0.074254, 17.794966
Iteration: 241, 0.065320, 17.862391
Iteration: 242, 0.064146, 17.928545
Iteration: 243, 0.069915, 18.000519
Iteration: 244, 0.061905, 18.064350
Iteration: 245, 0.065235, 18.131627
Iteration: 246, 0.065909, 18.199595
Iteration: 247, 0.071252, 18.272893
Iteration: 248, 0.066665, 18.342137
Iteration: 249, 0.062215, 18.406313
Iteration: 250, 0.064737, 18.473509
Iteration: 251, 0.063823, 18.539708
Iteration: 252, 0.063872, 18.606050
Iteration: 253, 0.062517, 18.670489
Iteration: 254, 0.069788, 18.742493
Iteration: 255, 0.069050, 18.813605
Iteration: 256, 0.073519, 18.889147
Iteration: 257, 0.112409, 19.003787
Iteration: 258, 0.064241, 19.070175
Iteration: 259, 0.066745, 19.139162
Iteration: 260, 0.066399, 19.207751
Iteration: 261, 0.066014, 19.276228
Iteration: 262, 0.062567, 19.340948
Iteration: 263, 0.066877, 19.410721
Iteration: 264, 0.081207, 19.493966
Iteration: 265, 0.068955, 19.565020
Iteration: 266, 0.067905, 19.635538
Iteration: 267, 0.067536, 19.705340
Iteration: 268, 0.071442, 19.778940
Iteration: 269, 0.066130, 19.847201
Iteration: 270, 0.069407, 19.918803
Iteration: 271, 0.067299, 19.988284
Iteration: 272, 0.067432, 20.058011
Iteration: 273, 0.066290, 20.126753
Iteration: 274, 0.066076, 20.194942
Iteration: 275, 0.066830, 20.263802
Iteration: 276, 0.064886, 20.330617
Iteration: 277, 0.067849, 20.400574
Iteration: 278, 0.066427, 20.469086
Iteration: 279, 0.069270, 20.540521
Iteration: 280, 0.062534, 20.605459
Iteration: 281, 0.065431, 20.673024
Iteration: 282, 0.064060, 20.739491
Iteration: 283, 0.064945, 20.806966
Iteration: 284, 0.062323, 20.871883
Iteration: 285, 0.065300, 20.939404
Iteration: 286, 0.064619, 21.006083
Iteration: 287, 0.064669, 21.072829
Iteration: 288, 0.065236, 21.140473
Iteration: 289, 0.065063, 21.207970
Iteration: 290, 0.061878, 21.272148
Iteration: 291, 0.064595, 21.338816
Iteration: 292, 0.065121, 21.406041
Iteration: 293, 0.065423, 21.473531
Iteration: 294, 0.062270, 21.538217
Iteration: 295, 0.066247, 21.606561
Iteration: 296, 0.068169, 21.677266
Iteration: 297, 0.065310, 21.744616
Iteration: 298, 0.071308, 21.817963
Iteration: 299, 0.064941, 21.884961
Iteration: 300, 0.064804, 21.951849
Iteration: 301, 0.065185, 22.019532
Iteration: 302, 0.062043, 22.083586
Iteration: 303, 0.065718, 22.151410
Iteration: 304, 0.062846, 22.216178
Iteration: 305, 0.066263, 22.284502
Iteration: 306, 0.068768, 22.355326
Iteration: 307, 0.071144, 22.428679
Iteration: 308, 0.068573, 22.499722
Iteration: 309, 0.064795, 22.566499
Iteration: 310, 0.068825, 22.637427
Iteration: 311, 0.067060, 22.706636
Iteration: 312, 0.064585, 22.773643
Iteration: 313, 0.062907, 22.838901
Iteration: 314, 0.065617, 22.906591
Iteration: 315, 0.067524, 22.976498
Iteration: 316, 0.068133, 23.046873
Iteration: 317, 0.066013, 23.115175
Iteration: 318, 0.066359, 23.183634
Iteration: 319, 0.064429, 23.250050
Iteration: 320, 0.066211, 23.318326
Iteration: 321, 0.066099, 23.386520
Iteration: 322, 0.065796, 23.454512
Iteration: 323, 0.064437, 23.520865
Iteration: 324, 0.067669, 23.590776
Iteration: 325, 0.067573, 23.660802
Iteration: 326, 0.065792, 23.728703
Iteration: 327, 0.073512, 23.804235
Iteration: 328, 0.065898, 23.872335
Iteration: 329, 0.063355, 23.937653
Iteration: 330, 0.065395, 24.005120
Iteration: 331, 0.068081, 24.075249
Iteration: 332, 0.068642, 24.146347
Iteration: 333, 0.094533, 24.242879
Iteration: 334, 0.078483, 24.323463
Iteration: 335, 0.067560, 24.394187
Iteration: 336, 0.066853, 24.463147
Iteration: 337, 0.067872, 24.533145
Iteration: 338, 0.067506, 24.602715
Iteration: 339, 0.064690, 24.669493
Iteration: 340, 0.070777, 24.742536
Iteration: 341, 0.069964, 24.814624
Iteration: 342, 0.067767, 24.884510
Iteration: 343, 0.064656, 24.951151
Iteration: 344, 0.068580, 25.021832
Iteration: 345, 0.068288, 25.092147
Iteration: 346, 0.064162, 25.158372
Iteration: 347, 0.064830, 25.225674
Iteration: 348, 0.064486, 25.292249
Iteration: 349, 0.065000, 25.359396
Iteration: 350, 0.062238, 25.423631
Iteration: 351, 0.064570, 25.490646
Iteration: 352, 0.070738, 25.563658
Iteration: 353, 0.102796, 25.673985
Iteration: 354, 0.081849, 25.759095
Iteration: 355, 0.070010, 25.831655
Iteration: 356, 0.065414, 25.899182
Iteration: 357, 0.063074, 25.964412
Iteration: 358, 0.065658, 26.032128
Iteration: 359, 0.065639, 26.099859
Iteration: 360, 0.065134, 26.167100
Iteration: 361, 0.062896, 26.231922
Iteration: 362, 0.065064, 26.299023
Iteration: 363, 0.064870, 26.365930
Iteration: 364, 0.064851, 26.432805
Iteration: 365, 0.066012, 26.500760
Iteration: 366, 0.066177, 26.569056
Iteration: 367, 0.066929, 26.638200
Iteration: 368, 0.068203, 26.708556
Iteration: 369, 0.066610, 26.777190
Iteration: 370, 0.064858, 26.844080
Iteration: 371, 0.061921, 26.907946
Iteration: 372, 0.064500, 26.974905
Iteration: 373, 0.065861, 27.043048
Iteration: 374, 0.065672, 27.110757
Iteration: 375, 0.062623, 27.175289
Iteration: 376, 0.064928, 27.242541
Iteration: 377, 0.064163, 27.308748
Iteration: 378, 0.065349, 27.376145
Iteration: 379, 0.065228, 27.443460
Iteration: 380, 0.081590, 27.527137
Iteration: 381, 0.067309, 27.596473
Iteration: 382, 0.064518, 27.663074
Iteration: 383, 0.064479, 27.729480
Iteration: 384, 0.067921, 27.799533
Iteration: 385, 0.065883, 27.867375
Iteration: 386, 0.067611, 27.937103
Iteration: 387, 0.066210, 28.005509
Iteration: 388, 0.068517, 28.076251
Iteration: 389, 0.067963, 28.146312
Iteration: 390, 0.064226, 28.212444
Iteration: 391, 0.068461, 28.283962
Iteration: 392, 0.066179, 28.352181
Iteration: 393, 0.068040, 28.422356
Iteration: 394, 0.066947, 28.491337
Iteration: 395, 0.067966, 28.561937
Iteration: 396, 0.073093, 28.637098
Iteration: 397, 0.068040, 28.707348
Iteration: 398, 0.066907, 28.776895
Iteration: 399, 0.065639, 28.844615
Iteration: 400, 0.064138, 28.910694
Iteration: 401, 0.064983, 28.977835
Iteration: 402, 0.065154, 29.045044
Iteration: 403, 0.064418, 29.111482
Iteration: 404, 0.062589, 29.176023
Iteration: 405, 0.065042, 29.243170
Iteration: 406, 0.064836, 29.310049
Iteration: 407, 0.069099, 29.381186
Iteration: 408, 0.062668, 29.445820
Iteration: 409, 0.066710, 29.514599
Iteration: 410, 0.068793, 29.585532
Iteration: 411, 0.066870, 29.654587
Iteration: 412, 0.066517, 29.723182
Iteration: 413, 0.065038, 29.790732
Iteration: 414, 0.062864, 29.855938
Iteration: 415, 0.064803, 29.922818
Iteration: 416, 0.064536, 29.989386
Iteration: 417, 0.064702, 30.056486
Iteration: 418, 0.061548, 30.120299
Iteration: 419, 0.065550, 30.187970
Iteration: 420, 0.064777, 30.254813
Iteration: 421, 0.064638, 30.321538
Iteration: 422, 0.065294, 30.388863
Iteration: 423, 0.064776, 30.455704
Iteration: 424, 0.062243, 30.519929
Iteration: 425, 0.064855, 30.586906
Iteration: 426, 0.062044, 30.650972
Iteration: 427, 0.065123, 30.718147
Iteration: 428, 0.066123, 30.786407
Iteration: 429, 0.066391, 30.854864
Iteration: 430, 0.066668, 30.923585
Iteration: 431, 0.064505, 30.990701
Iteration: 432, 0.065597, 31.058679
Iteration: 433, 0.062526, 31.123542
Iteration: 434, 0.064606, 31.190721
Iteration: 435, 0.064383, 31.257494
Iteration: 436, 0.064141, 31.324006
Iteration: 437, 0.062332, 31.388618
Iteration: 438, 0.065802, 31.456609
Iteration: 439, 0.064904, 31.523883
Iteration: 440, 0.064228, 31.590538
Iteration: 441, 0.065123, 31.658046
Iteration: 442, 0.064700, 31.725180
Iteration: 443, 0.064944, 31.792242
Iteration: 444, 0.065189, 31.859491
Iteration: 445, 0.063811, 31.925243
Iteration: 446, 0.065937, 31.993267
Iteration: 447, 0.063640, 32.058858
Iteration: 448, 0.066908, 32.128063
Iteration: 449, 0.065966, 32.196193
Iteration: 450, 0.064716, 32.262977
Iteration: 451, 0.066486, 32.331465
Iteration: 452, 0.062560, 32.395956
Iteration: 453, 0.066085, 32.464115
Iteration: 454, 0.065130, 32.531273
Iteration: 455, 0.064562, 32.597893
Iteration: 456, 0.062597, 32.662440
Iteration: 457, 0.065766, 32.730275
Iteration: 458, 0.069194, 32.801486
Iteration: 459, 0.065199, 32.868715
Iteration: 460, 0.070496, 32.941301
Iteration: 461, 0.064760, 33.008473
Iteration: 462, 0.062128, 33.072936
Iteration: 463, 0.064535, 33.140245
Iteration: 464, 0.064209, 33.206825
Iteration: 465, 0.064674, 33.273898
Iteration: 466, 0.061985, 33.338157
Iteration: 467, 0.077064, 33.417287
Iteration: 468, 0.081928, 33.504991
Iteration: 469, 0.076226, 33.583552
Iteration: 470, 0.071188, 33.657806
Iteration: 471, 0.066975, 33.727202
Iteration: 472, 0.061786, 33.790954
Iteration: 473, 0.065337, 33.858707
Iteration: 474, 0.061973, 33.922647
Iteration: 475, 0.065197, 33.989898
Iteration: 476, 0.066848, 34.059347
Iteration: 477, 0.064600, 34.126006
Iteration: 478, 0.067980, 34.196049
Iteration: 479, 0.066364, 34.264505
Iteration: 480, 0.065070, 34.331635
Iteration: 481, 0.062607, 34.396173
Iteration: 482, 0.066850, 34.465084
Iteration: 483, 0.062401, 34.529512
Iteration: 484, 0.065878, 34.597453
Iteration: 485, 0.064716, 34.664192
Iteration: 486, 0.064745, 34.730963
Iteration: 487, 0.071414, 34.804427
Iteration: 488, 0.072302, 34.879183
Iteration: 489, 0.068093, 34.949394
Iteration: 490, 0.065493, 35.016857
Iteration: 491, 0.069733, 35.088669
Iteration: 492, 0.068674, 35.159606
Iteration: 493, 0.087172, 35.248901
Iteration: 494, 0.067820, 35.318690
Iteration: 495, 0.068385, 35.389234
Iteration: 496, 0.067383, 35.458775
Iteration: 497, 0.064922, 35.525821
Iteration: 498, 0.064479, 35.592306
Iteration: 499, 0.066092, 35.660446
Iteration: 500, 0.068433, 35.731587
Iteration: 501, 0.069103, 35.802902
Iteration: 502, 0.065392, 35.870610
Iteration: 503, 0.071107, 35.943995
Iteration: 504, 0.063671, 36.009680
Iteration: 505, 0.067010, 36.078837
Iteration: 506, 0.067443, 36.148325
Iteration: 507, 0.065187, 36.215595
Iteration: 508, 0.064624, 36.282246
Iteration: 509, 0.064852, 36.348993
Iteration: 510, 0.071806, 36.422859
Iteration: 511, 0.072855, 36.497801
Iteration: 512, 0.069576, 36.569485
Iteration: 513, 0.065287, 36.636889
Iteration: 514, 0.067852, 36.707094
Iteration: 515, 0.069214, 36.778883
Iteration: 516, 0.066604, 36.847620
Iteration: 517, 0.063766, 36.913403
Iteration: 518, 0.066959, 36.982443
Iteration: 519, 0.066568, 37.051095
Iteration: 520, 0.067407, 37.120611
Iteration: 521, 0.068898, 37.192085
Iteration: 522, 0.067046, 37.261372
Iteration: 523, 0.064569, 37.327932
Iteration: 524, 0.070619, 37.400704
Iteration: 525, 0.066082, 37.468730
Iteration: 526, 0.069500, 37.540331
Iteration: 527, 0.065693, 37.608457
Iteration: 528, 0.065474, 37.676085
Iteration: 529, 0.067581, 37.745767
Iteration: 530, 0.066028, 37.813851
Iteration: 531, 0.066103, 37.882024
Iteration: 532, 0.065631, 37.949709
Iteration: 533, 0.066466, 38.018201
Iteration: 534, 0.065731, 38.086138
Iteration: 535, 0.067129, 38.155498
Iteration: 536, 0.063160, 38.220748
Iteration: 537, 0.065551, 38.288689
Iteration: 538, 0.066942, 38.357781
Iteration: 539, 0.066850, 38.427078
Iteration: 540, 0.065943, 38.495096
Iteration: 541, 0.062560, 38.559583
Iteration: 542, 0.064686, 38.626343
Iteration: 543, 0.064583, 38.692954
Iteration: 544, 0.064723, 38.759717
Iteration: 545, 0.066163, 38.827921
Iteration: 546, 0.067368, 38.897395
Iteration: 547, 0.064083, 38.963401
Iteration: 548, 0.068574, 39.034066
Iteration: 549, 0.067090, 39.103215
Iteration: 550, 0.065786, 39.171339
Iteration: 551, 0.063080, 39.236507
Iteration: 552, 0.068844, 39.307539
Iteration: 553, 0.068001, 39.378082
Iteration: 554, 0.070401, 39.450593
Iteration: 555, 0.067856, 39.520532
Iteration: 556, 0.075823, 39.598574
Iteration: 557, 0.063788, 39.664310
Iteration: 558, 0.065479, 39.731905
Iteration: 559, 0.062626, 39.796501
Iteration: 560, 0.070846, 39.869402
Iteration: 561, 0.067572, 39.939292
Iteration: 562, 0.065323, 40.007326
Iteration: 563, 0.066445, 40.076153
Iteration: 564, 0.066017, 40.144242
Iteration: 565, 0.064693, 40.210971
Iteration: 566, 0.064570, 40.277653
Iteration: 567, 0.064264, 40.343955
Iteration: 568, 0.063419, 40.409305
Iteration: 569, 0.066653, 40.477997
Iteration: 570, 0.064137, 40.544041
Iteration: 571, 0.067340, 40.613461
Iteration: 572, 0.077413, 40.692911
Iteration: 573, 0.069405, 40.764769
Iteration: 574, 0.065024, 40.831828
Iteration: 575, 0.062000, 40.895793
Iteration: 576, 0.065873, 40.963776
Iteration: 577, 0.094349, 41.060210
Iteration: 578, 0.074769, 41.137333
Iteration: 579, 0.073032, 41.212381
Iteration: 580, 0.070989, 41.285539
Iteration: 581, 0.066023, 41.353581
Iteration: 582, 0.066188, 41.421920
Iteration: 583, 0.066732, 41.490822
Iteration: 584, 0.064309, 41.557579
Iteration: 585, 0.062442, 41.622300
Iteration: 586, 0.064983, 41.689377
Iteration: 587, 0.062583, 41.754035
Iteration: 588, 0.065187, 41.821369
Iteration: 589, 0.065964, 41.889398
Iteration: 590, 0.064466, 41.955944
Iteration: 591, 0.064543, 42.022565
Iteration: 592, 0.065422, 42.090377
Iteration: 593, 0.064705, 42.157466
Iteration: 594, 0.064796, 42.225004
Iteration: 595, 0.066296, 42.293582
Iteration: 596, 0.064531, 42.360177
Iteration: 597, 0.063275, 42.425381
Iteration: 598, 0.066795, 42.494282
Iteration: 599, 0.062377, 42.558580
Iteration: 600, 0.065771, 42.626835
Iteration: 601, 0.064625, 42.693529
Iteration: 602, 0.065506, 42.761079
Iteration: 603, 0.065160, 42.828260
Iteration: 604, 0.062658, 42.892934
Iteration: 605, 0.065637, 42.960767
Iteration: 606, 0.065274, 43.028080
Iteration: 607, 0.066467, 43.096659
Iteration: 608, 0.079934, 43.178517
Iteration: 609, 0.066365, 43.246958
Iteration: 610, 0.065635, 43.314640
Iteration: 611, 0.065992, 43.382690
Iteration: 612, 0.063235, 43.447845
Iteration: 613, 0.065718, 43.515615
Iteration: 614, 0.066305, 43.583971
Iteration: 615, 0.065741, 43.651799
Iteration: 616, 0.065673, 43.719541
Iteration: 617, 0.065509, 43.787317
Iteration: 618, 0.062264, 43.851617
Iteration: 619, 0.065237, 43.918911
Iteration: 620, 0.062149, 43.982950
Iteration: 621, 0.066665, 44.051654
Iteration: 622, 0.065585, 44.119259
Iteration: 623, 0.064492, 44.185841
Iteration: 624, 0.064800, 44.252642
Iteration: 625, 0.065156, 44.319869
Iteration: 626, 0.065285, 44.387275
Iteration: 627, 0.065190, 44.454777
Iteration: 628, 0.065101, 44.521899
Iteration: 629, 0.064253, 44.588091
Iteration: 630, 0.069687, 44.660054
Iteration: 631, 0.063548, 44.725536
Iteration: 632, 0.064914, 44.792538
Iteration: 633, 0.065612, 44.860199
Iteration: 634, 0.065628, 44.927878
Iteration: 635, 0.065543, 44.995485
Iteration: 636, 0.064505, 45.061921
Iteration: 637, 0.065357, 45.129389
Iteration: 638, 0.065804, 45.197359
Iteration: 639, 0.064745, 45.264231
Iteration: 640, 0.062801, 45.328960
Iteration: 641, 0.064996, 45.396050
Iteration: 642, 0.065098, 45.463221
Iteration: 643, 0.064341, 45.529612
Iteration: 644, 0.068067, 45.599773
Iteration: 645, 0.066512, 45.668392
Iteration: 646, 0.064425, 45.734768
Iteration: 647, 0.065402, 45.802207
Iteration: 648, 0.063360, 45.867631
Iteration: 649, 0.070057, 45.939802
Iteration: 650, 0.064103, 46.006266
Iteration: 651, 0.067402, 46.076035
Iteration: 652, 0.072524, 46.150644
Iteration: 653, 0.066678, 46.219357
Iteration: 654, 0.066904, 46.288382
Iteration: 655, 0.066460, 46.357013
Iteration: 656, 0.065256, 46.424706
Iteration: 657, 0.062184, 46.489210
Iteration: 658, 0.064930, 46.556214
Iteration: 659, 0.062492, 46.620795
Iteration: 660, 0.065407, 46.688474
Iteration: 661, 0.064865, 46.755425
Iteration: 662, 0.066086, 46.823657
Iteration: 663, 0.067478, 46.893935
Iteration: 664, 0.061616, 46.957479
Iteration: 665, 0.065416, 47.025297
Iteration: 666, 0.064712, 47.092048
Iteration: 667, 0.065360, 47.159507
Iteration: 668, 0.062339, 47.223785
Iteration: 669, 0.066388, 47.292791
Iteration: 670, 0.066218, 47.361175
Iteration: 671, 0.067455, 47.430677
Iteration: 672, 0.065918, 47.498777
Iteration: 673, 0.065625, 47.566512
Iteration: 674, 0.062528, 47.630951
Iteration: 675, 0.066697, 47.699686
Iteration: 676, 0.064240, 47.765872
Iteration: 677, 0.068729, 47.836669
Iteration: 678, 0.067233, 47.906096
Iteration: 679, 0.066694, 47.974974
Iteration: 680, 0.068600, 48.046159
Iteration: 681, 0.067388, 48.115627
Iteration: 682, 0.067413, 48.185151
Iteration: 683, 0.066811, 48.254080
Iteration: 684, 0.066226, 48.322472
Iteration: 685, 0.062852, 48.387349
[MO833] TOTAL_MAIN_TIME: 48.476429
