Init time, 0.032323
Iteration: 1, 0.043021, 0.075344
Iteration: 2, 0.022709, 0.098054
Iteration: 3, 0.028065, 0.126120
Iteration: 4, 0.022633, 0.148754
Iteration: 5, 0.025648, 0.174403
Iteration: 6, 0.024723, 0.199127
Iteration: 7, 0.020111, 0.219239
Iteration: 8, 0.021410, 0.240651
Iteration: 9, 0.020164, 0.260817
Iteration: 10, 0.017679, 0.278497
Iteration: 11, 0.020680, 0.299179
Iteration: 12, 0.017313, 0.316494
Iteration: 13, 0.019949, 0.336444
Iteration: 14, 0.021256, 0.357702
Iteration: 15, 0.021169, 0.378872
Iteration: 16, 0.022502, 0.401375
Iteration: 17, 0.022043, 0.423419
Iteration: 18, 0.024977, 0.448398
Iteration: 19, 0.021735, 0.470135
Iteration: 20, 0.027113, 0.497249
Iteration: 21, 0.023301, 0.520551
Iteration: 22, 0.022941, 0.543494
Iteration: 23, 0.021243, 0.564739
Iteration: 24, 0.022850, 0.587590
Iteration: 25, 0.023306, 0.610897
Iteration: 26, 0.025700, 0.636598
Iteration: 27, 0.022226, 0.658825
Iteration: 28, 0.021663, 0.680489
Iteration: 29, 0.023106, 0.703596
Iteration: 30, 0.022699, 0.726296
Iteration: 31, 0.018618, 0.744915
Iteration: 32, 0.022467, 0.767383
Iteration: 33, 0.021700, 0.789085
Iteration: 34, 0.017327, 0.806413
Iteration: 35, 0.022073, 0.828488
Iteration: 36, 0.025990, 0.854479
Iteration: 37, 0.028018, 0.882499
Iteration: 38, 0.030284, 0.912784
Iteration: 39, 0.021297, 0.934082
Iteration: 40, 0.023580, 0.957663
Iteration: 41, 0.024834, 0.982499
Iteration: 42, 0.024812, 1.007313
Iteration: 43, 0.020213, 1.027528
Iteration: 44, 0.029635, 1.057164
Iteration: 45, 0.019594, 1.076760
Iteration: 46, 0.024314, 1.101075
Iteration: 47, 0.028965, 1.130042
Iteration: 48, 0.029386, 1.159430
Iteration: 49, 0.018968, 1.178399
Iteration: 50, 0.025203, 1.203604
Iteration: 51, 0.023220, 1.226825
Iteration: 52, 0.024429, 1.251255
Iteration: 53, 0.019978, 1.271235
Iteration: 54, 0.022238, 1.293474
Iteration: 55, 0.021593, 1.315068
Iteration: 56, 0.018415, 1.333484
Iteration: 57, 0.022282, 1.355767
Iteration: 58, 0.020601, 1.376369
Iteration: 59, 0.023265, 1.399635
Iteration: 60, 0.024322, 1.423959
Iteration: 61, 0.024059, 1.448019
Iteration: 62, 0.020234, 1.468255
Iteration: 63, 0.020276, 1.488532
Iteration: 64, 0.023165, 1.511699
Iteration: 65, 0.029918, 1.541618
Iteration: 66, 0.023791, 1.565410
Iteration: 67, 0.027661, 1.593073
Iteration: 68, 0.021280, 1.614354
Iteration: 69, 0.025596, 1.639952
Iteration: 70, 0.025967, 1.665920
Iteration: 71, 0.027400, 1.693321
Iteration: 72, 0.020660, 1.713983
Iteration: 73, 0.020688, 1.734673
Iteration: 74, 0.022355, 1.757030
Iteration: 75, 0.022815, 1.779846
Iteration: 76, 0.021504, 1.801351
Iteration: 77, 0.020391, 1.821743
Iteration: 78, 0.021799, 1.843543
Iteration: 79, 0.024809, 1.868354
Iteration: 80, 0.021842, 1.890198
Iteration: 81, 0.024509, 1.914708
Iteration: 82, 0.022874, 1.937583
Iteration: 83, 0.025362, 1.962946
Iteration: 84, 0.028089, 1.991036
Iteration: 85, 0.022203, 2.013240
Iteration: 86, 0.023976, 2.037219
Iteration: 87, 0.025705, 2.062925
Iteration: 88, 0.022905, 2.085831
Iteration: 89, 0.020331, 2.106163
Iteration: 90, 0.024889, 2.131053
Iteration: 91, 0.024447, 2.155501
Iteration: 92, 0.023657, 2.179159
Iteration: 93, 0.021821, 2.200981
Iteration: 94, 0.022864, 2.223847
Iteration: 95, 0.022440, 2.246288
Iteration: 96, 0.018458, 2.264747
Iteration: 97, 0.020264, 2.285012
Iteration: 98, 0.022558, 2.307572
Iteration: 99, 0.023002, 2.330576
Iteration: 100, 0.021056, 2.351633
Iteration: 101, 0.028199, 2.379834
Iteration: 102, 0.023911, 2.403746
Iteration: 103, 0.026466, 2.430214
Iteration: 104, 0.023160, 2.453375
Iteration: 105, 0.017949, 2.471325
Iteration: 106, 0.022181, 2.493507
Iteration: 107, 0.021395, 2.514903
Iteration: 108, 0.017860, 2.532765
Iteration: 109, 0.022334, 2.555100
Iteration: 110, 0.018078, 2.573179
Iteration: 111, 0.018940, 2.592121
Iteration: 112, 0.022593, 2.614715
Iteration: 113, 0.022537, 2.637254
Iteration: 114, 0.020320, 2.657576
Iteration: 115, 0.023254, 2.680831
Iteration: 116, 0.022217, 2.703049
Iteration: 117, 0.020133, 2.723184
Iteration: 118, 0.026990, 2.750844
Iteration: 119, 0.022461, 2.773307
Iteration: 120, 0.020811, 2.794119
Iteration: 121, 0.018511, 2.812645
Iteration: 122, 0.021799, 2.834445
Iteration: 123, 0.021892, 2.856339
Iteration: 124, 0.017983, 2.874324
Iteration: 125, 0.023093, 2.897419
Iteration: 126, 0.023640, 2.921060
Iteration: 127, 0.024894, 2.945955
Iteration: 128, 0.022553, 2.968510
Iteration: 129, 0.043540, 3.012052
Iteration: 130, 0.024320, 3.036374
Iteration: 131, 0.026266, 3.062641
Iteration: 132, 0.022850, 3.085493
Iteration: 133, 0.022284, 3.107778
Iteration: 134, 0.025161, 3.132940
Iteration: 135, 0.017257, 3.150198
Iteration: 136, 0.024361, 3.174560
Iteration: 137, 0.022007, 3.196568
Iteration: 138, 0.029080, 3.225650
Iteration: 139, 0.020162, 3.245813
Iteration: 140, 0.020504, 3.266319
Iteration: 141, 0.023553, 3.289873
Iteration: 142, 0.024614, 3.314488
Iteration: 143, 0.019365, 3.333855
Iteration: 144, 0.022048, 3.355905
Iteration: 145, 0.023093, 3.379000
Iteration: 146, 0.019903, 3.398904
Iteration: 147, 0.022426, 3.421332
Iteration: 148, 0.022343, 3.443677
Iteration: 149, 0.022549, 3.466228
Iteration: 150, 0.020712, 3.486941
Iteration: 151, 0.022682, 3.509625
Iteration: 152, 0.024103, 3.533729
Iteration: 153, 0.024265, 3.557995
Iteration: 154, 0.019494, 3.577490
Iteration: 155, 0.022348, 3.599840
Iteration: 156, 0.022374, 3.622216
Iteration: 157, 0.019381, 3.641598
Iteration: 158, 0.021407, 3.663007
Iteration: 159, 0.023289, 3.686298
Iteration: 160, 0.017919, 3.704218
Iteration: 161, 0.021559, 3.725778
Iteration: 162, 0.022299, 3.748079
Iteration: 163, 0.017807, 3.765887
Iteration: 164, 0.022634, 3.788522
Iteration: 165, 0.021860, 3.810384
Iteration: 166, 0.018595, 3.828980
Iteration: 167, 0.022121, 3.851103
Iteration: 168, 0.022175, 3.873279
Iteration: 169, 0.017971, 3.891251
Iteration: 170, 0.022800, 3.914052
Iteration: 171, 0.021296, 3.935350
Iteration: 172, 0.019042, 3.954394
Iteration: 173, 0.018357, 3.972752
Iteration: 174, 0.022598, 3.995351
Iteration: 175, 0.024375, 4.019728
Iteration: 176, 0.021513, 4.041243
Iteration: 177, 0.021070, 4.062314
Iteration: 178, 0.021371, 4.083687
Iteration: 179, 0.019205, 4.102893
Iteration: 180, 0.024034, 4.126928
Iteration: 181, 0.025597, 4.152526
Iteration: 182, 0.023010, 4.175537
Iteration: 183, 0.019995, 4.195533
Iteration: 184, 0.023912, 4.219447
Iteration: 185, 0.023939, 4.243388
Iteration: 186, 0.025740, 4.269130
Iteration: 187, 0.020514, 4.289645
Iteration: 188, 0.024233, 4.313890
Iteration: 189, 0.020939, 4.334831
Iteration: 190, 0.023846, 4.358679
Iteration: 191, 0.019352, 4.378032
Iteration: 192, 0.025714, 4.403748
Iteration: 193, 0.025780, 4.429530
Iteration: 194, 0.025813, 4.455344
Iteration: 195, 0.021532, 4.476878
Iteration: 196, 0.024943, 4.501822
Iteration: 197, 0.024293, 4.526116
Iteration: 198, 0.023103, 4.549221
Iteration: 199, 0.021463, 4.570686
Iteration: 200, 0.021840, 4.592527
Iteration: 201, 0.033765, 4.626293
Iteration: 202, 0.024697, 4.650992
Iteration: 203, 0.025002, 4.675996
Iteration: 204, 0.042090, 4.718088
Iteration: 205, 0.023713, 4.741803
Iteration: 206, 0.024932, 4.766736
Iteration: 207, 0.026867, 4.793604
Iteration: 208, 0.020277, 4.813882
Iteration: 209, 0.020268, 4.834152
Iteration: 210, 0.023111, 4.857265
Iteration: 211, 0.024476, 4.881743
Iteration: 212, 0.018858, 4.900603
Iteration: 213, 0.048034, 4.948638
Iteration: 214, 0.057571, 5.006210
Iteration: 215, 0.080415, 5.086627
Iteration: 216, 0.070118, 5.156747
Iteration: 217, 0.142841, 5.299589
Iteration: 218, 0.062622, 5.362212
Iteration: 219, 0.061044, 5.423257
Iteration: 220, 0.038767, 5.462026
Iteration: 221, 0.025899, 5.487926
Iteration: 222, 0.017879, 5.505806
Iteration: 223, 0.026743, 5.532550
Iteration: 224, 0.022840, 5.555391
Iteration: 225, 0.023952, 5.579345
Iteration: 226, 0.018989, 5.598335
Iteration: 227, 0.024137, 5.622473
Iteration: 228, 0.024070, 5.646544
Iteration: 229, 0.018606, 5.665152
Iteration: 230, 0.020346, 5.685499
Iteration: 231, 0.022804, 5.708305
Iteration: 232, 0.026495, 5.734801
Iteration: 233, 0.020274, 5.755077
Iteration: 234, 0.025454, 5.780532
Iteration: 235, 0.024190, 5.804723
Iteration: 236, 0.022474, 5.827199
Iteration: 237, 0.017911, 5.845112
Iteration: 238, 0.021233, 5.866351
Iteration: 239, 0.021899, 5.888252
Iteration: 240, 0.017272, 5.905525
Iteration: 241, 0.022451, 5.927978
Iteration: 242, 0.022492, 5.950472
Iteration: 243, 0.019507, 5.969981
Iteration: 244, 0.026309, 5.996292
Iteration: 245, 0.022266, 6.018559
Iteration: 246, 0.023181, 6.041742
Iteration: 247, 0.019692, 6.061436
Iteration: 248, 0.024903, 6.086340
Iteration: 249, 0.021480, 6.107821
Iteration: 250, 0.026332, 6.134155
Iteration: 251, 0.020296, 6.154453
Iteration: 252, 0.024225, 6.178679
Iteration: 253, 0.020919, 6.199600
Iteration: 254, 0.026209, 6.225811
Iteration: 255, 0.023851, 6.249664
Iteration: 256, 0.026592, 6.276258
Iteration: 257, 0.026986, 6.303246
Iteration: 258, 0.026847, 6.330094
Iteration: 259, 0.024975, 6.355070
Iteration: 260, 0.020964, 6.376035
Iteration: 261, 0.020552, 6.396588
Iteration: 262, 0.024921, 6.421510
Iteration: 263, 0.021401, 6.442912
Iteration: 264, 0.018399, 6.461313
Iteration: 265, 0.023691, 6.485006
Iteration: 266, 0.024422, 6.509429
Iteration: 267, 0.021907, 6.531337
Iteration: 268, 0.023607, 6.554945
Iteration: 269, 0.021888, 6.576834
Iteration: 270, 0.022634, 6.599469
Iteration: 271, 0.025724, 6.625195
Iteration: 272, 0.019214, 6.644411
Iteration: 273, 0.022192, 6.666605
Iteration: 274, 0.025196, 6.691803
Iteration: 275, 0.017606, 6.709411
Iteration: 276, 0.024817, 6.734230
Iteration: 277, 0.022776, 6.757008
Iteration: 278, 0.022859, 6.779869
Iteration: 279, 0.017768, 6.797638
Iteration: 280, 0.021988, 6.819627
Iteration: 281, 0.018603, 6.838232
Iteration: 282, 0.017838, 6.856072
Iteration: 283, 0.022624, 6.878697
Iteration: 284, 0.021970, 6.900669
Iteration: 285, 0.017834, 6.918504
Iteration: 286, 0.022348, 6.940853
Iteration: 287, 0.021803, 6.962658
Iteration: 288, 0.019124, 6.981783
Iteration: 289, 0.022842, 7.004627
Iteration: 290, 0.021750, 7.026378
Iteration: 291, 0.018078, 7.044458
Iteration: 292, 0.022458, 7.066917
Iteration: 293, 0.021253, 7.088171
Iteration: 294, 0.017820, 7.105992
Iteration: 295, 0.022401, 7.128395
Iteration: 296, 0.023989, 7.152386
Iteration: 297, 0.017829, 7.170216
Iteration: 298, 0.021502, 7.191719
Iteration: 299, 0.021951, 7.213671
Iteration: 300, 0.017550, 7.231222
Iteration: 301, 0.034894, 7.266117
Iteration: 302, 0.018398, 7.284516
Iteration: 303, 0.022666, 7.307184
Iteration: 304, 0.022030, 7.329216
Iteration: 305, 0.021432, 7.350650
Iteration: 306, 0.024389, 7.375040
Iteration: 307, 0.023325, 7.398367
Iteration: 308, 0.018296, 7.416665
Iteration: 309, 0.022008, 7.438675
Iteration: 310, 0.023051, 7.461728
Iteration: 311, 0.030116, 7.491846
Iteration: 312, 0.022660, 7.514507
Iteration: 313, 0.018405, 7.532914
Iteration: 314, 0.023013, 7.555928
Iteration: 315, 0.029825, 7.585754
Iteration: 316, 0.029061, 7.614816
Iteration: 317, 0.019269, 7.634086
Iteration: 318, 0.021600, 7.655687
Iteration: 319, 0.027736, 7.683425
Iteration: 320, 0.020008, 7.703435
Iteration: 321, 0.019027, 7.722463
Iteration: 322, 0.023838, 7.746302
Iteration: 323, 0.024693, 7.770996
Iteration: 324, 0.019080, 7.790077
Iteration: 325, 0.018880, 7.808958
Iteration: 326, 0.023584, 7.832543
Iteration: 327, 0.019676, 7.852220
Iteration: 328, 0.023121, 7.875342
Iteration: 329, 0.025026, 7.900369
Iteration: 330, 0.023469, 7.923839
Iteration: 331, 0.017994, 7.941835
Iteration: 332, 0.023870, 7.965707
Iteration: 333, 0.019886, 7.985594
Iteration: 334, 0.031591, 8.017187
Iteration: 335, 0.030230, 8.047418
Iteration: 336, 0.025235, 8.072655
Iteration: 337, 0.018521, 8.091177
Iteration: 338, 0.022448, 8.113626
Iteration: 339, 0.027405, 8.141032
Iteration: 340, 0.031244, 8.172277
Iteration: 341, 0.017984, 8.190262
Iteration: 342, 0.023528, 8.213793
Iteration: 343, 0.023756, 8.237550
Iteration: 344, 0.025876, 8.263427
Iteration: 345, 0.019366, 8.282795
Iteration: 346, 0.022536, 8.305333
Iteration: 347, 0.021163, 8.326498
Iteration: 348, 0.019109, 8.345608
Iteration: 349, 0.023277, 8.368886
Iteration: 350, 0.027857, 8.396745
Iteration: 351, 0.026650, 8.423396
Iteration: 352, 0.026882, 8.450280
Iteration: 353, 0.030344, 8.480625
Iteration: 354, 0.025604, 8.506230
Iteration: 355, 0.022773, 8.529015
Iteration: 356, 0.024096, 8.553113
Iteration: 357, 0.026568, 8.579682
Iteration: 358, 0.022055, 8.601740
Iteration: 359, 0.032314, 8.634055
Iteration: 360, 0.027857, 8.661914
Iteration: 361, 0.031312, 8.693227
Iteration: 362, 0.019931, 8.713160
Iteration: 363, 0.021607, 8.734768
Iteration: 364, 0.024964, 8.759733
Iteration: 365, 0.024555, 8.784289
Iteration: 366, 0.019120, 8.803411
Iteration: 367, 0.021222, 8.824635
Iteration: 368, 0.021187, 8.845823
Iteration: 369, 0.018924, 8.864748
Iteration: 370, 0.022022, 8.886772
Iteration: 371, 0.018918, 8.905692
Iteration: 372, 0.021345, 8.927038
Iteration: 373, 0.021093, 8.948132
Iteration: 374, 0.026832, 8.974966
Iteration: 375, 0.017481, 8.992449
Iteration: 376, 0.021205, 9.013655
Iteration: 377, 0.022729, 9.036385
Iteration: 378, 0.017080, 9.053466
Iteration: 379, 0.024459, 9.077927
Iteration: 380, 0.018140, 9.096068
Iteration: 381, 0.018996, 9.115065
Iteration: 382, 0.022161, 9.137227
Iteration: 383, 0.022100, 9.159328
Iteration: 384, 0.035095, 9.194425
Iteration: 385, 0.023628, 9.218054
Iteration: 386, 0.018390, 9.236446
Iteration: 387, 0.021653, 9.258100
Iteration: 388, 0.021944, 9.280046
Iteration: 389, 0.023616, 9.303664
Iteration: 390, 0.025535, 9.329201
Iteration: 391, 0.021587, 9.350789
Iteration: 392, 0.021978, 9.372768
Iteration: 393, 0.018225, 9.390994
Iteration: 394, 0.023757, 9.414752
Iteration: 395, 0.022109, 9.436862
Iteration: 396, 0.019036, 9.455899
Iteration: 397, 0.024477, 9.480377
Iteration: 398, 0.025561, 9.505940
Iteration: 399, 0.022094, 9.528035
Iteration: 400, 0.020402, 9.548439
Iteration: 401, 0.023570, 9.572011
Iteration: 402, 0.024689, 9.596701
Iteration: 403, 0.025168, 9.621871
Iteration: 404, 0.019474, 9.641346
Iteration: 405, 0.024466, 9.665813
Iteration: 406, 0.023062, 9.688876
Iteration: 407, 0.023798, 9.712676
Iteration: 408, 0.020598, 9.733276
Iteration: 409, 0.027157, 9.760435
Iteration: 410, 0.027831, 9.788267
Iteration: 411, 0.021712, 9.809980
Iteration: 412, 0.017535, 9.827516
Iteration: 413, 0.027798, 9.855315
Iteration: 414, 0.018422, 9.873738
Iteration: 415, 0.021996, 9.895735
Iteration: 416, 0.018287, 9.914023
Iteration: 417, 0.031899, 9.945923
Iteration: 418, 0.033673, 9.979597
Iteration: 419, 0.023980, 10.003579
Iteration: 420, 0.019089, 10.022670
Iteration: 421, 0.017375, 10.040046
Iteration: 422, 0.029179, 10.069226
Iteration: 423, 0.032270, 10.101498
Iteration: 424, 0.023481, 10.124982
Iteration: 425, 0.024306, 10.149289
Iteration: 426, 0.026661, 10.175951
Iteration: 427, 0.021623, 10.197575
Iteration: 428, 0.023310, 10.220887
Iteration: 429, 0.021957, 10.242845
Iteration: 430, 0.021595, 10.264442
Iteration: 431, 0.018794, 10.283237
Iteration: 432, 0.031439, 10.314677
Iteration: 433, 0.023679, 10.338358
Iteration: 434, 0.022528, 10.360887
Iteration: 435, 0.017767, 10.378656
Iteration: 436, 0.021562, 10.400220
Iteration: 437, 0.023124, 10.423345
Iteration: 438, 0.018200, 10.441547
Iteration: 439, 0.023452, 10.465001
Iteration: 440, 0.021806, 10.486808
Iteration: 441, 0.022422, 10.509232
Iteration: 442, 0.020306, 10.529539
Iteration: 443, 0.023577, 10.553117
Iteration: 444, 0.021834, 10.574953
Iteration: 445, 0.021551, 10.596507
Iteration: 446, 0.025554, 10.622062
Iteration: 447, 0.025067, 10.647131
Iteration: 448, 0.024395, 10.671528
Iteration: 449, 0.017462, 10.688992
Iteration: 450, 0.023253, 10.712247
Iteration: 451, 0.021585, 10.733834
Iteration: 452, 0.018493, 10.752330
Iteration: 453, 0.019187, 10.771518
Iteration: 454, 0.021778, 10.793298
Iteration: 455, 0.017683, 10.810982
Iteration: 456, 0.022712, 10.833696
Iteration: 457, 0.020987, 10.854685
Iteration: 458, 0.024062, 10.878749
Iteration: 459, 0.018340, 10.897091
Iteration: 460, 0.021842, 10.918935
Iteration: 461, 0.023281, 10.942218
Iteration: 462, 0.018267, 10.960487
Iteration: 463, 0.022302, 10.982790
Iteration: 464, 0.022584, 11.005376
Iteration: 465, 0.018133, 11.023511
Iteration: 466, 0.022058, 11.045571
Iteration: 467, 0.022542, 11.068115
Iteration: 468, 0.017309, 11.085425
Iteration: 469, 0.021321, 11.106747
Iteration: 470, 0.021886, 11.128634
Iteration: 471, 0.018127, 11.146775
Iteration: 472, 0.021204, 11.167981
Iteration: 473, 0.021861, 11.189843
Iteration: 474, 0.017562, 11.207406
Iteration: 475, 0.021341, 11.228748
Iteration: 476, 0.019458, 11.248207
Iteration: 477, 0.017066, 11.265275
Iteration: 478, 0.021886, 11.287163
Iteration: 479, 0.021747, 11.308911
Iteration: 480, 0.019027, 11.327939
Iteration: 481, 0.024585, 11.352526
Iteration: 482, 0.025937, 11.378465
Iteration: 483, 0.040015, 11.418482
Iteration: 484, 0.022394, 11.440878
Iteration: 485, 0.019958, 11.460838
Iteration: 486, 0.018551, 11.479390
Iteration: 487, 0.024154, 11.503545
Iteration: 488, 0.021667, 11.525214
Iteration: 489, 0.018482, 11.543698
Iteration: 490, 0.022124, 11.565824
Iteration: 491, 0.018942, 11.584768
Iteration: 492, 0.024705, 11.609474
Iteration: 493, 0.022985, 11.632460
Iteration: 494, 0.022167, 11.654629
Iteration: 495, 0.019747, 11.674377
Iteration: 496, 0.017801, 11.692180
Iteration: 497, 0.024462, 11.716644
Iteration: 498, 0.018551, 11.735196
Iteration: 499, 0.024610, 11.759808
Iteration: 500, 0.027127, 11.786936
Iteration: 501, 0.020968, 11.807906
Iteration: 502, 0.021527, 11.829435
Iteration: 503, 0.021475, 11.850912
Iteration: 504, 0.022846, 11.873759
Iteration: 505, 0.027129, 11.900890
Iteration: 506, 0.026987, 11.927879
Iteration: 507, 0.020147, 11.948028
Iteration: 508, 0.024928, 11.972957
Iteration: 509, 0.024637, 11.997596
Iteration: 510, 0.022549, 12.020147
Iteration: 511, 0.019280, 12.039428
Iteration: 512, 0.026891, 12.066321
Iteration: 513, 0.025906, 12.092229
Iteration: 514, 0.022243, 12.114473
Iteration: 515, 0.018295, 12.132769
Iteration: 516, 0.023669, 12.156439
Iteration: 517, 0.023668, 12.180109
Iteration: 518, 0.025252, 12.205363
Iteration: 519, 0.018124, 12.223489
Iteration: 520, 0.022393, 12.245884
Iteration: 521, 0.018524, 12.264410
Iteration: 522, 0.018995, 12.283406
Iteration: 523, 0.026826, 12.310234
Iteration: 524, 0.025784, 12.336020
Iteration: 525, 0.022259, 12.358280
Iteration: 526, 0.019938, 12.378219
Iteration: 527, 0.023465, 12.401686
Iteration: 528, 0.020107, 12.421795
Iteration: 529, 0.017873, 12.439670
Iteration: 530, 0.021446, 12.461117
Iteration: 531, 0.024094, 12.485212
Iteration: 532, 0.021660, 12.506873
Iteration: 533, 0.023082, 12.529958
Iteration: 534, 0.026673, 12.556633
Iteration: 535, 0.022594, 12.579229
Iteration: 536, 0.020501, 12.599733
Iteration: 537, 0.019910, 12.619644
Iteration: 538, 0.021973, 12.641619
Iteration: 539, 0.018694, 12.660315
Iteration: 540, 0.040919, 12.701236
Iteration: 541, 0.019636, 12.720874
Iteration: 542, 0.039606, 12.760481
Iteration: 543, 0.018626, 12.779109
Iteration: 544, 0.022377, 12.801487
Iteration: 545, 0.020230, 12.821720
Iteration: 546, 0.028530, 12.850252
Iteration: 547, 0.020889, 12.871143
Iteration: 548, 0.023329, 12.894473
Iteration: 549, 0.024969, 12.919444
Iteration: 550, 0.028363, 12.947809
Iteration: 551, 0.025336, 12.973147
Iteration: 552, 0.018896, 12.992045
Iteration: 553, 0.025463, 13.017509
Iteration: 554, 0.026215, 13.043726
Iteration: 555, 0.021453, 13.065180
Iteration: 556, 0.019027, 13.084209
Iteration: 557, 0.022784, 13.106995
Iteration: 558, 0.023214, 13.130211
Iteration: 559, 0.017549, 13.147762
Iteration: 560, 0.025933, 13.173697
Iteration: 561, 0.023690, 13.197388
Iteration: 562, 0.022907, 13.220297
Iteration: 563, 0.020138, 13.240436
Iteration: 564, 0.021691, 13.262128
Iteration: 565, 0.022087, 13.284216
Iteration: 566, 0.019680, 13.303897
Iteration: 567, 0.023447, 13.327345
Iteration: 568, 0.019892, 13.347238
Iteration: 569, 0.019215, 13.366455
Iteration: 570, 0.022820, 13.389276
Iteration: 571, 0.024618, 13.413895
Iteration: 572, 0.021747, 13.435643
Iteration: 573, 0.017941, 13.453585
Iteration: 574, 0.022605, 13.476192
Iteration: 575, 0.018037, 13.494230
Iteration: 576, 0.032016, 13.526248
Iteration: 577, 0.036799, 13.563048
Iteration: 578, 0.017883, 13.580933
Iteration: 579, 0.023189, 13.604123
Iteration: 580, 0.024420, 13.628544
Iteration: 581, 0.034235, 13.662780
Iteration: 582, 0.034092, 13.696873
Iteration: 583, 0.021447, 13.718321
Iteration: 584, 0.025570, 13.743897
Iteration: 585, 0.021424, 13.765322
Iteration: 586, 0.023675, 13.788999
Iteration: 587, 0.020148, 13.809150
Iteration: 588, 0.027466, 13.836617
Iteration: 589, 0.018385, 13.855003
Iteration: 590, 0.029588, 13.884593
Iteration: 591, 0.021131, 13.905726
Iteration: 592, 0.018843, 13.924571
Iteration: 593, 0.024488, 13.949061
Iteration: 594, 0.021409, 13.970471
Iteration: 595, 0.021907, 13.992380
Iteration: 596, 0.017171, 14.009552
Iteration: 597, 0.030138, 14.039692
Iteration: 598, 0.021181, 14.060875
Iteration: 599, 0.023615, 14.084492
Iteration: 600, 0.018491, 14.102984
Iteration: 601, 0.023574, 14.126559
Iteration: 602, 0.028887, 14.155447
Iteration: 603, 0.023510, 14.178959
Iteration: 604, 0.021272, 14.200232
Iteration: 605, 0.026066, 14.226299
Iteration: 606, 0.018834, 14.245136
Iteration: 607, 0.022296, 14.267434
Iteration: 608, 0.020878, 14.288314
Iteration: 609, 0.022859, 14.311175
Iteration: 610, 0.024386, 14.335563
Iteration: 611, 0.025668, 14.361233
Iteration: 612, 0.021002, 14.382236
Iteration: 613, 0.023859, 14.406097
Iteration: 614, 0.023035, 14.429133
Iteration: 615, 0.017162, 14.446297
Iteration: 616, 0.023015, 14.469314
Iteration: 617, 0.020674, 14.489990
Iteration: 618, 0.023618, 14.513610
Iteration: 619, 0.018276, 14.531887
Iteration: 620, 0.024732, 14.556621
Iteration: 621, 0.023575, 14.580198
Iteration: 622, 0.017629, 14.597829
Iteration: 623, 0.021319, 14.619150
Iteration: 624, 0.021866, 14.641018
Iteration: 625, 0.043173, 14.684192
Iteration: 626, 0.020234, 14.704428
Iteration: 627, 0.024406, 14.728836
Iteration: 628, 0.018648, 14.747485
Iteration: 629, 0.025711, 14.773198
Iteration: 630, 0.035881, 14.809081
Iteration: 631, 0.022698, 14.831781
Iteration: 632, 0.019014, 14.850797
Iteration: 633, 0.017984, 14.868782
Iteration: 634, 0.024003, 14.892787
Iteration: 635, 0.021795, 14.914583
Iteration: 636, 0.017187, 14.931772
Iteration: 637, 0.021704, 14.953478
Iteration: 638, 0.022310, 14.975790
Iteration: 639, 0.018569, 14.994360
Iteration: 640, 0.022172, 15.016534
Iteration: 641, 0.022746, 15.039281
Iteration: 642, 0.017539, 15.056822
Iteration: 643, 0.024286, 15.081110
Iteration: 644, 0.023767, 15.104879
Iteration: 645, 0.019232, 15.124112
Iteration: 646, 0.018582, 15.142696
Iteration: 647, 0.023942, 15.166639
Iteration: 648, 0.026027, 15.192668
Iteration: 649, 0.021362, 15.214032
Iteration: 650, 0.021973, 15.236007
Iteration: 651, 0.022076, 15.258085
Iteration: 652, 0.025145, 15.283231
Iteration: 653, 0.019475, 15.302708
Iteration: 654, 0.022808, 15.325518
Iteration: 655, 0.022162, 15.347682
Iteration: 656, 0.021062, 15.368746
Iteration: 657, 0.019882, 15.388630
Iteration: 658, 0.023032, 15.411663
Iteration: 659, 0.025930, 15.437595
Iteration: 660, 0.019102, 15.456699
Iteration: 661, 0.022229, 15.478930
Iteration: 662, 0.023598, 15.502529
Iteration: 663, 0.018014, 15.520545
Iteration: 664, 0.024006, 15.544552
Iteration: 665, 0.022601, 15.567155
Iteration: 666, 0.025339, 15.592496
Iteration: 667, 0.020312, 15.612809
Iteration: 668, 0.024800, 15.637612
Iteration: 669, 0.026138, 15.663752
Iteration: 670, 0.019989, 15.683743
Iteration: 671, 0.019261, 15.703005
Iteration: 672, 0.022743, 15.725750
Iteration: 673, 0.024426, 15.750177
Iteration: 674, 0.018885, 15.769064
Iteration: 675, 0.025601, 15.794667
Iteration: 676, 0.022736, 15.817405
Iteration: 677, 0.024332, 15.841738
Iteration: 678, 0.019025, 15.860765
Iteration: 679, 0.023054, 15.883821
Iteration: 680, 0.023723, 15.907546
Iteration: 681, 0.028846, 15.936394
Iteration: 682, 0.020408, 15.956803
Iteration: 683, 0.027377, 15.984181
Iteration: 684, 0.024640, 16.008823
Iteration: 685, 0.019188, 16.028013
Iteration: 686, 0.016955, 16.044969
Iteration: 687, 0.021995, 16.066966
Iteration: 688, 0.021461, 16.088429
Iteration: 689, 0.019963, 16.108394
Iteration: 690, 0.026695, 16.135091
Iteration: 691, 0.022335, 16.157428
Iteration: 692, 0.022179, 16.179608
Iteration: 693, 0.019063, 16.198673
Iteration: 694, 0.024409, 16.223084
Iteration: 695, 0.024251, 16.247336
Iteration: 696, 0.024140, 16.271478
Iteration: 697, 0.019000, 16.290480
Iteration: 698, 0.023039, 16.313537
Iteration: 699, 0.019171, 16.332711
Iteration: 700, 0.018820, 16.351533
Iteration: 701, 0.023992, 16.375527
Iteration: 702, 0.024634, 16.400162
Iteration: 703, 0.019646, 16.419809
Iteration: 704, 0.024970, 16.444781
Iteration: 705, 0.023176, 16.467959
Iteration: 706, 0.024803, 16.492763
Iteration: 707, 0.017740, 16.510505
Iteration: 708, 0.022986, 16.533494
Iteration: 709, 0.022759, 16.556254
Iteration: 710, 0.018397, 16.574652
Iteration: 711, 0.021920, 16.596574
Iteration: 712, 0.021554, 16.618130
Iteration: 713, 0.018571, 16.636703
Iteration: 714, 0.021649, 16.658354
Iteration: 715, 0.021869, 16.680225
Iteration: 716, 0.017681, 16.697908
Iteration: 717, 0.022032, 16.719941
Iteration: 718, 0.021417, 16.741360
Iteration: 719, 0.023136, 16.764498
Iteration: 720, 0.018268, 16.782767
Iteration: 721, 0.024400, 16.807169
Iteration: 722, 0.023046, 16.830216
Iteration: 723, 0.018532, 16.848750
Iteration: 724, 0.026685, 16.875437
Iteration: 725, 0.020630, 16.896069
Iteration: 726, 0.025435, 16.921506
Iteration: 727, 0.025032, 16.946541
Iteration: 728, 0.020219, 16.966762
Iteration: 729, 0.024412, 16.991176
Iteration: 730, 0.026662, 17.017840
Iteration: 731, 0.025820, 17.043661
Iteration: 732, 0.021279, 17.064942
Iteration: 733, 0.019182, 17.084125
Iteration: 734, 0.025260, 17.109387
Iteration: 735, 0.023186, 17.132575
Iteration: 736, 0.018672, 17.151249
Iteration: 737, 0.021592, 17.172842
Iteration: 738, 0.022350, 17.195194
Iteration: 739, 0.017783, 17.212978
Iteration: 740, 0.029467, 17.242447
Iteration: 741, 0.022045, 17.264493
Iteration: 742, 0.024251, 17.288746
Iteration: 743, 0.018497, 17.307244
Iteration: 744, 0.024467, 17.331714
Iteration: 745, 0.025364, 17.357080
Iteration: 746, 0.020763, 17.377845
Iteration: 747, 0.021795, 17.399642
Iteration: 748, 0.023046, 17.422690
Iteration: 749, 0.022394, 17.445085
Iteration: 750, 0.017259, 17.462346
Iteration: 751, 0.021252, 17.483611
Iteration: 752, 0.023518, 17.507131
Iteration: 753, 0.019879, 17.527012
Iteration: 754, 0.023327, 17.550341
Iteration: 755, 0.022235, 17.572578
Iteration: 756, 0.023416, 17.595996
Iteration: 757, 0.019487, 17.615484
Iteration: 758, 0.024289, 17.639774
Iteration: 759, 0.026328, 17.666104
Iteration: 760, 0.023582, 17.689689
Iteration: 761, 0.018861, 17.708553
Iteration: 762, 0.022008, 17.730563
Iteration: 763, 0.019902, 17.750467
Iteration: 764, 0.020010, 17.770479
Iteration: 765, 0.024245, 17.794726
Iteration: 766, 0.022190, 17.816917
Iteration: 767, 0.017033, 17.833951
Iteration: 768, 0.022541, 17.856494
Iteration: 769, 0.032400, 17.888895
Iteration: 770, 0.031151, 17.920048
Iteration: 771, 0.022454, 17.942504
Iteration: 772, 0.030394, 17.972899
Iteration: 773, 0.028301, 18.001202
Iteration: 774, 0.028674, 18.029877
Iteration: 775, 0.022139, 18.052018
Iteration: 776, 0.022477, 18.074498
Iteration: 777, 0.030578, 18.105077
Iteration: 778, 0.022707, 18.127786
Iteration: 779, 0.030708, 18.158496
Iteration: 780, 0.021637, 18.180135
Iteration: 781, 0.029174, 18.209310
Iteration: 782, 0.018746, 18.228058
Iteration: 783, 0.025501, 18.253561
Iteration: 784, 0.023729, 18.277292
Iteration: 785, 0.027575, 18.304869
Iteration: 786, 0.019361, 18.324232
Iteration: 787, 0.021303, 18.345537
Iteration: 788, 0.022473, 18.368012
Iteration: 789, 0.026512, 18.394526
Iteration: 790, 0.019224, 18.413752
Iteration: 791, 0.025367, 18.439120
Iteration: 792, 0.019296, 18.458418
Iteration: 793, 0.030331, 18.488751
Iteration: 794, 0.018091, 18.506843
Iteration: 795, 0.022118, 18.528963
Iteration: 796, 0.023433, 18.552398
Iteration: 797, 0.019004, 18.571404
Iteration: 798, 0.025760, 18.597167
Iteration: 799, 0.021825, 18.618994
Iteration: 800, 0.021708, 18.640704
Iteration: 801, 0.017167, 18.657873
Iteration: 802, 0.021852, 18.679727
Iteration: 803, 0.019155, 18.698884
Iteration: 804, 0.019406, 18.718291
Iteration: 805, 0.021960, 18.740252
Iteration: 806, 0.022459, 18.762714
Iteration: 807, 0.022581, 18.785297
Iteration: 808, 0.021797, 18.807096
Iteration: 809, 0.045283, 18.852381
Iteration: 810, 0.020115, 18.872498
Iteration: 811, 0.023351, 18.895850
Iteration: 812, 0.027507, 18.923390
Iteration: 813, 0.025587, 18.948978
Iteration: 814, 0.024235, 18.973215
Iteration: 815, 0.036533, 19.009750
Iteration: 816, 0.022172, 19.031925
Iteration: 817, 0.021836, 19.053762
Iteration: 818, 0.022820, 19.076583
Iteration: 819, 0.020497, 19.097081
Iteration: 820, 0.025101, 19.122184
Iteration: 821, 0.021636, 19.143822
Iteration: 822, 0.021794, 19.165618
Iteration: 823, 0.017832, 19.183452
Iteration: 824, 0.020382, 19.203836
Iteration: 825, 0.022956, 19.226794
Iteration: 826, 0.019747, 19.246543
Iteration: 827, 0.021230, 19.267775
Iteration: 828, 0.021407, 19.289184
Iteration: 829, 0.018386, 19.307572
Iteration: 830, 0.022355, 19.329929
Iteration: 831, 0.054088, 19.384019
Iteration: 832, 0.036081, 19.420102
Iteration: 833, 0.029011, 19.449115
Iteration: 834, 0.021551, 19.470668
Iteration: 835, 0.025675, 19.496345
Iteration: 836, 0.022022, 19.518369
Iteration: 837, 0.023600, 19.541972
Iteration: 838, 0.018939, 19.560913
Iteration: 839, 0.021124, 19.582039
Iteration: 840, 0.021290, 19.603330
Iteration: 841, 0.022995, 19.626327
Iteration: 842, 0.022147, 19.648476
Iteration: 843, 0.022334, 19.670812
Iteration: 844, 0.025278, 19.696092
Iteration: 845, 0.018622, 19.714715
Iteration: 846, 0.023449, 19.738166
Iteration: 847, 0.022149, 19.760317
Iteration: 848, 0.017724, 19.778043
Iteration: 849, 0.021204, 19.799249
Iteration: 850, 0.021406, 19.820656
Iteration: 851, 0.017737, 19.838395
Iteration: 852, 0.021385, 19.859782
Iteration: 853, 0.025742, 19.885526
Iteration: 854, 0.025677, 19.911204
Iteration: 855, 0.028404, 19.939609
Iteration: 856, 0.020809, 19.960420
Iteration: 857, 0.027412, 19.987834
Iteration: 858, 0.025220, 20.013055
Iteration: 859, 0.027638, 20.040694
Iteration: 860, 0.026339, 20.067035
Iteration: 861, 0.026021, 20.093058
Iteration: 862, 0.020683, 20.113743
Iteration: 863, 0.023585, 20.137329
Iteration: 864, 0.019842, 20.157174
Iteration: 865, 0.018947, 20.176149
Iteration: 866, 0.021632, 20.197783
Iteration: 867, 0.018483, 20.216268
Iteration: 868, 0.017682, 20.233952
Iteration: 869, 0.023062, 20.257016
Iteration: 870, 0.022968, 20.279985
Iteration: 871, 0.020809, 20.300796
Iteration: 872, 0.021996, 20.322794
Iteration: 873, 0.022005, 20.344800
Iteration: 874, 0.028556, 20.373358
Iteration: 875, 0.017901, 20.391261
Iteration: 876, 0.022071, 20.413334
Iteration: 877, 0.023611, 20.436947
Iteration: 878, 0.021464, 20.458413
[MO833] TOTAL_MAIN_TIME: 20.545232
